18
1902
2066
2958
4601
6769
7293
7912
8760
9716
10592
11503
12066
12740
13560
14145
14721
15277
15497
15523
15528
15539
15547
15557
15560
15588
15590
15710
15709
15708
15709
15720
15902
16481
17021
17304
17453
17996
18647
19313
20340
21383
22370
22645
22710
23145
23380
23455
23476
23481
23501
23509
23508
23508
23508
23507
23507
23507
23506
23505
23505
23504
23504
23503
23499
23497
23494
23491
23487
23484
23482
23482
23482
23481
23481
23480
23480
23479
23478
23477
23477
23477
23477
23476
23475
23475
23475
23475
23471
23471
23470
23470
23470
23469
23471
23472
23472
23472
23471
23471
23471
23471
23471
23470
23468
23467
23467
23466
23466
23466
23467
23467
23467
23466
23466
23465
23465
23465
23465
23464
23462
23462
23463
23462
23462
23462
23461
23461
23461
23461
23460
23460
23460
23459
23460
23460
23460
23459
23459
23459
23459
23458
23459
23459
23459
23459
23459
23459
23462
23462
23460
23460
23464
23464
23462
23462
23462
23462
23462
23462
23462
23462
23461
23461
23461
23460
23460
23460
23460
23461
23460
23461
23460
23460
23459
23459
23459
23459
23459
23459
23458
23459
23459
23458
23458
23458
23457
23457
23458
23457
23458
23458
23457
23458
23459
23458
23458
23458
23458
23458
23458
23458
23458
23458
23458
23458
23458
23458
23458
23457
23457
23457
23457
23457
23457
23457
23456
23456
23456
23456
23457
23457
23457
23457
23457
23457
23457
23457
23457
23457
23457
23456
23456
23456
23456
23456
23456
23456
23456
23456
23456
23457
23456
23456
23456
23457
23457
23457
23458
23459
23459
23462
23461
23459
23458
23458
23458
23458
23458
23458
23457
23457
23457
23457
23457
23457
23457
23457
23457
23457
23457
23457
23456
23457
23458
23458
23458
23459
23459
23458
23458
23459
23459
23458
23458
23458
23458
23458
23458
23458
23458
23458
23458
23459
23458
23458
23458
23458
23458
23458
23458
23458
23458
23458
23458
23459
23459
23459
23463
23459
23458
23458
23458
23458
23458
23457
23457
23457
23457
23457
23457
23457
23456
23456
23456
23456
23457
23456
23457
23456
23457
23456
23457
23457
23457
23457
23457
23457
23456
23456
23456
23456
23457
23457
23457
23457
23457
23457
23457
23457
23457
23457
23456
23456
23456
23457
23456
23456
23456
23456
23456
23456
23456
23457
23457
23457
23457
23457
23457
23457
23457
23457
23457
23457
23457
23457
23457
23457
23457
23457
23457
23457
23457
23457
23457
23456
23456
23457
23456
23456
23456
23455
23455
23456
23455
23455
23456
23455
23455
23456
23456
23455
23456
23456
23456
23456
23456
23457
23457
23458
23458
23458
23458
23458
23458
23458
23458
23458
23458
23458
23458
23457
23457
23457
23457
23457
23458
23458
23458
23458
23458
23458
23458
23458
23457
23458
23457
23457
23457
23457
23457
23457
23457
23457
23457
23457
23457
23457
23457
23457
23457
23457
23456
23457
23456
23457
23457
23457
23457
23457
23457
23457
23457
23457
23457
23457
23457
23456
23456
23456
23456
23456
23457
23457
23457
23457
23458
23458
23459
23459
23459
23459
23459
23459
23459
23459
23459
23458
23458
23458
23458
23458
23458
23458
23457
23458
23457
23457
23457
23457
23457
23457
23458
23457
23457
23457
23457
23457
23457
23457
23457
23457
23457
23458
23458
23458
23458
23457
23457
23457
23457
23457
23458
23457
23457
23458
23458
23458
23458
23458
23458
23458
23458
23458
23457
23457
23458
23458
23458
23458
23458
23458
23458
23460
23462
23462
23462
23462
23461
23461
23458
23458
23458
23458
23458
23458
23458
23458
23458
23458
23458
23458
23458
23458
23458
23458
23458
23458
23457
23457
23458
23458
23458
23458
23458
23458
23457
23457
23458
23458
23458
23458
23458
23458
23458
23458
23458
23457
23457
23458
23458
23458
23458
23457
23457
23457
23457
23457
23457
23457
23458
23458
23458
23458
23457
23457
23458
23458
23458
23458
23458
23458
23458
23458
23458
23457
23458
23458
23458
23458
23458
23457
23457
23457
23458
23458
23458
23458
23457
23458
23457
23457
23457
23457
23457
23458
23458
23458
23457
23457
23457
23457
23457
23458
23458
23458
23458
23457
23457
23457
23457
23457
23457
23458
23458
23458
23458
23458
23458
23458
23458
23458
23458
23458
23458
23458
23459
23459
23458
23458
23458
23458
23458
23458
23459
23458
23459
23459
23459
23458
23458
23458
23458
23458
23458
23458
23458
23458
23458
23458
23458
23458
23458
23458
23458
23458
23458
23458
23458
23457
23457
23457
23459
23459
23460
23460
23460
23460
23460
23459
23459
23458
23458
23458
23458
23458
23458
23458
23458
23458
23458
23458
23458
23458
23458
23458
23457
23457
23458
23458
23458
23458
23458
23458
23458
23457
23457
23457
23457
23457
23457
23457
23457
23458
23457
23457
23457
23457
23458
23458
23458
23461
23461
23461
23460
23460
23460
23458
23458
23458
23458
23458
23458
23459
23458
23459
23458
23458
23458
23458
23458
23458
23458
23458
23458
23458
23458
23457
23457
23458
23458
23458
23457
23457
23457
23458
23458
23458
23458
23459
23458
23458
23458
23458
23458
23458
23458
23458
23458
23458
23458
23458
23458
23458
23458
23458
23458
23458
23459
23458
23458
23458
23458
23458
23458
23458
23458
23458
23458
23458
23458
23458
23458
23458
23458
23458
23458
23457
23457
23457
23457
23457
23457
23457
23458
23458
23458
23458
23457
23458
23457
23457
23457
23457
23457
23457
23457
23457
23457
23458
23458
23458
23458
23457
23457
23457
23457
23457
23457
23457
23457
23457
23457
23457
23457
23457
23457
23458
23458
23457
23457
23457
23457
23457
23458
23458
23458
23458
23458
23458
23457
23457
23458
23458
23458
23458
23458
23458
23458
23457
23457
23457
23457
23457
23457
23457
23457
23457
23458
23458
23458
23458
23458
23458
23458
23458
23458
23458
23458
23458
23458
23458
23458
23458
23459
23459
23458
23458
23459
23459
23459
23458
23458
23458
23458
23458
23458
23458
23457
23457
23457
23457
23457
23458
23458
23458
23458
23458
23458
23458
23458
23459
23459
23458
23458
23458
23458
23458
23458
23458
23457
23458
23458
23458
23457
23457
23457
23457
23457
23457
23458
23457
23457
23458
23457
23458
23458
23458
23458
23458
23458
23458
23458
23458
23458
23458
23458
23458
23457
23458
23458
23458
23458
23457
23457
23458
23458
23457
23458
23458
23458
23457
23457
23458
23458
23458
23458
23462
23461
23461
23461
23461
23462
23462
23462
23462
23462
23458
23458
23458
23458
23458
23458
23458
23458
23458
23457
23457
23459
23459
23459
23459
23459
23459
23459
